79	Hydroxoiron(III) Ion	$\ce{H^{\bullet} + FeOH^{2+} -> H^+ + Fe^{2+}}$		$1.2 \times 10^9$	Average of 2 values.
				$\sim 1-2$	$1.2 \times 10^9$	$\gamma$-r.; C.k. in HClO$_4$; rel. to $k$(H$^\bullet$ + MeOH).	680444
				$0.3$	$1.2 \times 10^9$	e.d.; C.k. in HClO$_4$; rel. to $k$(H$^\bullet$ + Fe$^{2+}$).	660345
